9736.27,2294.03,1361.42,2696.53,3823.24,3211.18,1325.13,3396.31,5356.43,1674.06,99.94,122.75,265.18,100.47,273.87,298.6,376.71,220.43,
9443.37,2264.61,1320.31,2691.01,3827.08,3153.94,1369.84,3399.21,5368.14,1676.43,102.09,123.21,266.09,98.68,272.98,297.38,375.4,217.62,
9369.5,2263.62,1261.03,2696.53,3818.63,3120.02,1359.43,3405.58,5383.36,1674.53,99.94,120.44,267.91,97.78,267.61,298.6,373.44,217.62,
9282.06,2255.78,1228.53,2697.46,3820.93,3103.77,1369.84,3410.21,5391.56,1675.48,101.01,120.44,268.83,96.88,267.61,297.38,371.48,216.68,
9038.39,2228.32,1188.37,2691.01,3815.56,3090.34,1429.23,3403.84,5414.98,1673.11,99.94,124.6,268.83,96.88,268.5,297.38,368.21,214.81,
9783.81,2296.97,1407.31,2689.16,3837.83,3185.74,1301.25,3383.57,5341.2,1677.85,101.01,119.52,264.27,99.57,277.45,298.6,377.36,220.43,
9599.58,2269.51,1230.44,2668.9,3802.5,3197.05,1374.12,3385.89,5340.03,1664.59,101.01,126.9,263.36,101.37,269.4,297.38,367.55,217.62,
8714.93,2197.91,1128.14,2685.48,3805.57,2982.92,1437.81,3404.42,5441.91,1669.33,101.01,119.52,267.0,92.4,264.92,297.38,364.28,211.05,
8785.39,2195.95,996.21,2682.72,3794.82,3018.97,1450.67,3404.42,5410.29,1664.59,99.94,122.29,266.09,94.19,260.45,297.38,357.74,211.99,
8397.4,2159.66,945.54,2678.11,3796.35,2992.82,1533.33,3406.74,5422.0,1664.59,101.01,126.9,264.27,93.3,272.08,296.17,353.17,208.24,
7588.31,2078.26,730.42,2671.66,3767.93,2852.19,1644.17,3411.95,5465.33,1659.38,99.94,126.9,267.0,88.81,264.03,293.73,340.74,202.61,
7669.82,2094.93,739.99,2675.35,3774.08,2835.93,1592.73,3410.21,5459.48,1662.7,101.01,122.29,266.09,87.02,259.55,294.95,340.74,203.55,
7376.06,2096.89,719.91,2719.57,3811.72,2823.21,1614.78,3460.02,5536.77,1679.27,101.01,122.75,270.65,85.22,255.97,297.38,343.36,203.55,
7126.46,2073.35,642.47,2725.09,3829.38,2762.44,1611.1,3466.39,5559.02,1695.37,102.09,119.52,272.47,82.53,250.6,298.6,339.43,202.61,
6959.21,2041.97,615.7,2714.04,3808.64,2737.7,1646.01,3458.29,5551.99,1687.32,99.94,120.91,271.56,82.53,251.5,297.38,336.16,200.74,
6959.21,2041.97,597.53,2714.04,3807.87,2734.17,1646.01,3457.13,5557.85,1689.68,99.94,120.44,271.56,82.53,251.5,297.38,334.85,200.74,
6870.06,2043.93,583.19,2724.17,3810.18,2702.37,1623.35,3467.55,5576.58,1691.58,102.09,117.21,272.47,80.74,248.81,297.38,334.85,200.74,
6749.51,2028.24,546.86,2720.49,3803.27,2668.45,1623.35,3460.02,5581.27,1690.16,101.01,115.83,272.47,79.84,246.13,297.38,332.24,199.8,
6777.52,2040.99,543.99,2728.78,3803.27,2650.07,1586.0,3464.08,5584.78,1690.63,99.94,112.14,273.38,78.94,242.55,298.6,332.24,200.74,
6701.11,2032.16,535.39,2732.46,3808.64,2652.19,1606.2,3466.97,5596.49,1693.0,101.01,113.52,273.38,78.94,241.65,297.38,331.58,200.74,
6455.75,1989.99,507.66,2720.49,3797.12,2622.51,1656.42,3460.6,5603.52,1689.68,99.94,114.91,273.38,78.05,244.34,296.17,328.31,198.86,
6469.34,1991.95,494.28,2714.96,3786.37,2572.34,1603.14,3450.76,5583.61,1686.37,101.01,109.37,272.47,76.25,238.97,297.38,327.01,197.92,
6878.55,2032.16,537.3,2704.83,3780.99,2632.41,1571.91,3441.49,5532.08,1682.58,99.94,110.29,270.65,78.94,244.34,297.38,330.28,199.8,
5455.64,1802.66,399.63,2680.87,3733.36,2440.9,1813.18,3432.8,5603.52,1670.75,98.86,116.29,274.29,73.56,242.55,293.73,313.27,190.42,
5020.95,1725.18,288.73,2675.35,3698.03,2274.82,1788.69,3412.53,5591.81,1679.27,98.86,106.6,273.38,69.07,231.81,292.51,293.0,187.6,
4764.56,1712.43,239.97,2660.61,3595.09,1944.09,1448.83,3374.88,5519.2,1673.59,95.64,75.22,272.47,57.41,180.79,290.07,270.11,184.79,
9682.78,2329.34,395.81,2764.71,3698.79,2659.97,932.62,3374.3,5533.26,1684.95,98.86,63.68,276.12,71.77,188.85,304.7,315.23,227.0,
6792.8,2041.97,347.05,2654.16,3621.21,2037.38,1022.63,3403.84,5471.19,1658.91,95.64,57.22,272.47,56.52,182.58,296.17,310.66,198.86,
3907.07,1650.64,241.88,2742.6,3676.52,1769.54,1428.01,3492.46,5697.2,1736.55,99.94,68.76,277.94,52.93,189.74,293.73,275.99,184.79,
5854.67,2021.37,311.67,2726.94,3676.52,1908.76,1007.32,3494.77,5621.08,1700.1,97.79,54.45,279.76,52.93,162.0,297.38,313.27,196.98,
6370.01,2081.2,283.95,2767.47,3688.04,1775.9,883.63,3431.06,5507.49,1706.73,98.86,44.3,277.03,48.44,151.26,297.38,308.04,202.61,
7099.29,2180.26,382.42,2804.32,3726.45,2020.42,906.28,3466.39,5578.93,1682.11,98.86,48.92,279.76,52.93,153.94,304.7,323.74,208.24,
6894.68,2140.05,374.77,2777.61,3682.66,1898.87,890.97,3434.54,5533.26,1679.74,97.79,46.15,277.94,51.13,149.47,303.48,321.77,206.36,
4932.66,1915.45,233.28,2746.28,3587.41,1559.66,879.95,3473.34,5544.97,1689.21,96.72,42.92,276.12,46.65,136.94,297.38,281.88,191.36,
4889.36,1903.68,236.15,2720.49,3602.0,1589.34,908.73,3465.24,5551.99,1691.58,95.64,44.76,275.2,47.54,142.31,294.95,284.5,189.48,
4579.48,1879.16,234.23,2737.07,3615.83,1575.2,924.65,3477.4,5589.47,1697.26,95.64,45.22,276.12,47.54,142.31,294.95,282.53,188.54,
4789.18,1908.58,242.84,2752.73,3636.57,1645.87,962.01,3484.35,5608.2,1698.68,97.79,48.45,277.94,48.44,146.78,296.17,288.42,189.48,
4532.78,1859.55,236.15,2752.73,3645.79,1625.38,992.63,3477.4,5608.2,1703.41,96.72,49.38,277.03,48.44,148.57,294.95,283.19,187.6,
4490.33,1853.66,234.23,2748.13,3640.41,1607.71,976.7,3477.98,5609.37,1703.89,96.72,47.99,276.12,47.54,146.78,294.95,282.53,187.6,
4391.85,1832.08,230.41,2745.36,3624.28,1582.27,969.97,3466.97,5588.3,1700.57,95.64,47.53,275.2,47.54,144.99,294.95,278.61,186.67,
4365.53,1837.97,229.45,2756.42,3633.5,1587.22,974.26,3476.24,5610.55,1705.31,95.64,47.53,276.12,47.54,144.99,294.95,277.3,186.67,
4169.41,1792.85,227.54,2756.42,3633.5,1569.55,995.69,3465.81,5602.35,1706.73,96.72,47.99,275.2,47.54,145.89,294.95,274.68,184.79,
4149.04,1788.93,225.63,2754.57,3624.28,1558.95,994.46,3465.24,5597.66,1706.73,96.72,47.53,274.29,47.54,144.99,293.73,272.07,184.79,
4239.03,1798.74,225.63,2741.68,3618.9,1557.54,972.42,3457.13,5578.93,1703.89,96.72,46.61,274.29,47.54,144.1,293.73,272.07,184.79,
4042.91,1768.33,223.72,2758.26,3619.67,1560.36,1005.49,3464.66,5604.69,1706.73,95.64,47.99,274.29,47.54,143.2,293.73,270.11,183.85,
4206.77,1785.01,226.58,2742.6,3618.9,1571.67,1006.71,3451.91,5576.58,1701.52,95.64,48.45,274.29,47.54,146.78,293.73,272.72,183.85,
4247.52,1792.85,225.63,2736.15,3610.45,1561.78,985.28,3447.28,5564.87,1697.73,95.64,47.07,273.38,47.54,144.99,293.73,273.38,184.79,
4194.88,1793.83,224.67,2744.44,3611.22,1557.54,979.15,3458.29,5578.93,1701.05,94.57,47.07,274.29,47.54,143.2,293.73,272.07,184.79,
4122.72,1765.39,222.76,2736.15,3608.15,1551.18,992.63,3446.7,5571.9,1701.99,95.64,47.07,273.38,47.54,144.1,292.51,269.45,183.85,
273.38,47.54,144.1,293.73,273.38,184.79,
4177.9,1781.08,222.76,2733.39,3598.93,1542.7,970.58,3440.33,5548.48,1695.37,95.64,46.15,272.47,46.65,143.2,293.73,270.11,183.85,
4116.77,1760.49,219.89,2724.17,3588.18,1527.86,968.13,3428.75,5536.77,1694.42,95.64,45.69,270.65,46.65,142.31,292.51,266.18,182.91,
4159.22,1774.22,220.85,2719.57,3584.33,1525.03,950.99,3430.48,5526.23,1691.1,95.64,45.22,270.65,46.65,141.41,292.51,268.14,183.85,
4212.71,1790.89,220.85,2720.49,3584.33,1523.62,938.13,3433.38,5523.89,1691.58,95.64,44.76,270.65,46.65,140.52,293.73,268.14,183.85,
4095.55,1760.49,219.89,2725.09,3587.41,1523.62,962.01,3428.75,5529.74,1693.0,95.64,45.22,270.65,46.65,141.41,292.51,266.84,182.91,
1825.34,984.7,212.24,2715.88,3552.07,1541.28,2191.61,3456.55,5575.41,1696.31,94.57,86.76,254.25,49.34,194.22,281.54,217.79,178.22,
1699.69,939.58,209.38,2706.67,3545.93,1518.67,2198.96,3463.5,5580.1,1699.63,94.57,84.45,250.6,48.44,191.53,283.98,215.17,178.22,
1731.1,949.39,209.38,2701.14,3542.08,1519.38,2185.49,3454.23,5564.87,1697.26,93.49,83.99,250.6,48.44,193.32,283.98,214.52,178.22,
1626.67,907.22,209.38,2698.38,3545.16,1522.2,2284.08,3471.61,5580.1,1698.68,94.57,89.06,248.78,48.44,196.01,283.98,214.52,178.22,
1371.97,820.91,207.46,2698.38,3544.39,1508.78,2378.99,3502.88,5605.86,1696.79,95.64,90.91,243.31,48.44,196.01,283.98,211.25,179.16,
1259.06,762.06,205.55,2680.87,3527.49,1505.24,2491.67,3505.78,5597.66,1685.9,94.57,95.99,238.75,48.44,199.59,282.76,208.63,179.16,
1252.27,757.16,204.6,2676.27,3521.34,1501.0,2495.95,3502.3,5584.78,1683.53,92.42,95.99,237.84,47.54,199.59,282.76,207.98,178.22,
1112.18,700.27,204.6,2673.5,3523.65,1501.0,2611.69,3531.26,5604.69,1684.0,92.42,100.14,232.37,47.54,202.27,282.76,207.32,179.16,
1041.72,657.12,203.64,2653.24,3512.89,1496.06,2701.71,3531.84,5587.12,1670.75,92.42,103.83,228.73,47.54,206.75,281.54,205.36,178.22,
1042.57,658.1,202.68,2653.24,3507.52,1493.94,2685.17,3528.95,5580.1,1669.8,93.49,102.45,227.82,47.54,204.96,281.54,205.36,178.22,
1012.0,644.37,202.68,2656.0,3509.82,1492.52,2696.19,3535.9,5585.95,1669.8,92.42,101.98,226.91,47.54,204.06,282.76,204.71,178.22,
1032.38,651.23,201.73,2647.71,3502.14,1489.7,2678.44,3523.73,5567.22,1666.01,92.42,101.52,226.91,47.54,204.06,281.54,204.71,178.22,
1060.39,663.0,201.73,2644.02,3495.99,1488.28,2660.07,3512.73,5554.33,1665.07,91.34,101.06,227.82,47.54,204.06,281.54,204.71,177.29,
1068.04,669.87,202.68,2647.71,3494.46,1483.34,2593.32,3506.94,5553.16,1666.96,92.42,96.45,227.82,46.65,200.48,281.54,204.71,178.22,
1010.3,638.48,200.77,2640.34,3489.08,1480.51,2640.47,3514.47,5550.82,1662.23,92.42,97.83,224.17,46.65,200.48,281.54,204.05,177.29,
946.63,600.23,200.77,2632.97,3487.54,1483.34,2756.82,3531.26,5553.16,1653.7,91.34,103.37,221.44,46.65,204.06,280.32,203.4,177.29,
854.94,541.39,199.82,2626.52,3479.86,1478.39,2856.02,3555.59,5554.33,1647.08,90.27,104.75,213.24,46.65,204.06,280.32,202.74,176.35,
853.24,536.48,199.82,2619.15,3473.72,1477.68,2884.19,3553.27,5546.14,1641.39,91.34,106.6,213.24,46.65,207.64,279.1,202.09,176.35,
780.23,471.75,198.86,2607.17,3469.11,1474.85,3025.64,3582.81,5540.28,1642.34,91.34,109.83,205.04,45.75,209.43,279.1,200.78,174.47,
759.85,450.17,197.9,2608.09,3451.44,1467.08,2972.98,3576.44,5523.89,1640.45,88.12,103.83,199.57,44.85,204.96,279.1,200.13,173.53,
803.15,490.39,198.86,2607.17,3458.35,1473.44,2988.29,3562.54,5520.37,1636.66,90.27,109.83,207.77,45.75,208.54,279.1,200.78,174.47,
809.09,497.25,199.82,2612.7,3467.57,1472.73,2953.38,3560.8,5525.06,1639.03,91.34,107.98,207.77,45.75,209.43,280.32,201.44,175.41,
775.13,466.85,198.86,2610.86,3461.43,1471.32,2998.7,3577.02,5532.08,1641.39,89.19,107.52,203.21,45.75,206.75,279.1,200.78,174.47,
781.07,469.79,197.9,2604.41,3455.28,1470.61,3009.11,3570.07,5522.72,1635.24,88.12,108.91,204.13,45.75,209.43,279.1,200.13,174.47,
782.77,473.71,197.9,2608.09,3449.9,1467.08,2944.2,3562.54,5513.35,1634.77,89.19,104.29,203.21,45.75,204.96,279.1,200.13,174.47,
762.4,453.12,196.95,2606.25,3449.13,1467.79,3006.66,3578.76,5521.54,1637.61,88.12,106.6,200.48,45.75,204.06,277.88,200.13,173.53,
765.79,456.06,197.9,2605.33,3452.98,1469.91,3030.54,3582.23,5526.23,1636.66,90.27,108.45,202.3,45.75,207.64,279.1,200.13,173.53,
4936.9,1371.12,195.99,2194.45,3329.3,1379.45,1333.09,2800.34,4605.78,1563.75,88.12,50.3,223.26,48.44,213.01,243.76,201.44,158.52,
597.69,141.23,147.23,209.13,712.1,1047.31,290.26,229.36,367.71,93.74,25.79,10.15,16.4,15.25,31.33,64.6,52.97,56.28,
8204.68,2399.95,4574.72,544.47,2666.36,3501.63,864.03,695.6,2194.57,236.24,756.53,246.89,193.19,149.81,450.19,838.53,364.94,181.04,
8191.1,2457.82,4606.26,599.74,2685.56,3500.93,854.23,713.55,2247.26,237.19,762.97,242.27,193.19,150.71,451.08,840.96,368.21,186.67,
8225.06,2433.3,4571.85,567.5,2691.71,3530.61,860.97,686.33,2213.3,239.56,759.75,243.19,194.1,151.6,454.66,848.28,365.59,183.85,
7763.2,2281.28,4778.35,398.91,2718.59,3581.49,878.12,612.19,1943.96,232.46,766.2,250.12,197.75,152.5,454.66,860.46,378.02,171.66,
6764.79,2006.66,4508.75,313.23,2638.7,3524.25,902.0,626.67,1812.8,233.4,744.71,262.12,195.92,148.91,463.61,861.68,371.48,149.14,
7561.14,2204.78,4567.07,410.88,2665.59,3548.98,887.91,649.84,2022.42,235.77,758.68,256.58,195.92,150.71,465.4,860.46,372.13,166.03,
6603.48,1954.68,4546.99,281.91,2641.01,3511.53,897.1,598.87,1653.54,231.51,742.56,259.81,195.92,148.91,458.24,858.03,369.52,145.39,
6870.91,2034.12,4404.54,451.42,2645.62,3556.05,964.46,790.58,2283.57,237.66,751.15,263.96,195.01,146.22,477.04,859.25,366.25,152.9,
6516.03,1957.62,4526.91,441.28,2665.59,3493.15,981.6,810.85,2273.03,240.03,746.86,262.12,193.19,144.43,475.25,851.93,365.59,149.14,
6299.54,1908.58,4370.12,408.12,2622.57,3504.46,989.56,796.37,2210.96,236.72,735.03,261.65,193.19,143.53,468.98,849.49,361.67,143.52,
7100.14,2114.55,4546.03,573.03,2670.97,3540.5,1006.1,913.37,2576.33,242.4,753.3,263.96,194.1,145.33,476.14,856.81,364.94,158.52,
7401.53,2198.89,4689.44,644.88,2761.61,3580.07,1017.73,962.6,2746.13,254.71,768.35,262.12,195.92,146.22,482.41,860.46,368.21,164.15,
7756.41,2296.97,4658.85,685.42,2759.31,3586.43,988.34,962.02,2778.92,254.23,776.94,263.5,196.84,148.02,481.51,859.25,366.9,170.72,
7946.59,2365.63,4703.78,750.83,2781.58,3583.61,1001.2,1014.72,2899.54,260.86,779.09,263.5,196.84,148.02,483.3,861.68,369.52,174.47,
7498.32,2224.39,4623.47,671.6,2740.87,3560.99,1028.75,995.61,2807.03,254.23,766.2,264.42,195.01,146.22,480.62,858.03,368.21,165.09,
8468.72,2541.18,4762.1,778.47,2797.72,3589.26,910.57,937.11,2778.92,260.86,794.14,257.5,196.84,152.5,481.51,862.9,372.79,186.67,
8090.92,2382.3,4719.08,681.73,2774.67,3605.52,930.17,900.05,2687.58,253.29,782.32,261.19,197.75,150.71,480.62,862.9,370.82,178.22,
8320.99,2479.39,4720.04,746.22,2794.64,3607.64,922.82,926.69,2768.38,257.07,793.06,260.27,197.75,152.5,482.41,864.12,372.79,183.85,
8140.16,2415.64,4682.75,721.35,2780.82,3593.5,941.8,938.85,2762.53,255.65,785.54,261.19,196.84,150.71,479.72,858.03,370.82,179.16,
8032.34,2396.03,4745.85,729.64,2782.35,3594.21,957.72,963.18,2780.09,256.6,774.79,262.12,195.92,148.91,477.04,854.37,370.82,177.29,
8062.05,2400.93,4686.57,690.03,2763.15,3541.91,918.53,901.78,2611.46,258.02,766.2,255.19,194.1,148.91,472.56,844.62,367.55,179.16,
7687.64,2285.2,4662.67,665.15,2730.88,3511.53,968.74,944.64,2639.57,249.97,764.05,256.12,192.28,145.33,473.46,839.74,366.25,170.72,
6456.6,1945.85,4528.82,919.42,2725.51,3394.22,1536.4,1451.43,3400.76,270.8,755.45,253.35,189.54,131.87,469.88,821.46,361.01,154.77,
3114.96,994.5,2092.8,494.72,2569.57,3394.92,1888.5,1303.16,2922.96,227.25,701.72,254.27,170.41,124.69,444.82,811.71,327.66,112.56,
5183.96,1545.7,3373.91,628.3,2733.19,3558.17,1555.99,1248.13,3160.69,258.97,760.83,265.81,195.92,134.56,468.09,853.15,368.86,132.26,
6247.75,1872.3,3741.04,635.67,2680.18,3546.86,1263.29,1117.82,2926.48,244.29,746.86,263.5,194.1,138.15,465.4,849.49,362.98,144.45,
8770.11,2805.01,4699.0,1194.88,2824.6,3608.34,937.51,1235.97,3420.66,334.72,778.02,256.12,199.57,149.81,477.04,789.77,367.55,203.55,
8713.23,2800.11,4831.89,1063.14,2853.79,3564.53,868.93,1054.11,3085.74,335.66,727.51,242.73,198.66,152.5,468.98,799.52,373.44,205.43,
8652.1,2810.9,4752.54,1196.72,2836.13,3527.78,865.87,1151.99,3226.27,389.16,677.01,230.74,197.75,148.91,468.09,737.37,368.86,207.3,
8567.2,2859.93,4851.97,1412.3,2876.07,3550.39,894.65,1321.69,3544.8,508.47,569.54,227.5,204.13,145.33,457.35,664.24,368.86,210.12,
8467.87,2739.3,4704.74,1412.3,2823.07,3475.48,1034.27,1498.34,3658.39,488.11,634.02,247.81,195.92,140.84,465.4,697.15,361.67,199.8,
8587.58,2642.2,4798.43,1028.13,2878.38,3599.86,1029.98,1227.28,3389.05,371.65,768.35,265.81,198.66,148.02,481.51,859.25,370.17,190.42,
7455.02,2221.45,4581.41,871.51,2796.95,3544.03,1241.24,1255.08,3316.44,286.43,783.39,265.35,196.84,141.74,475.25,850.71,368.86,166.97,
7208.81,2148.87,4612.0,747.14,2713.98,3536.97,1159.8,1125.93,2993.23,250.45,755.45,262.58,192.28,140.84,471.67,844.62,365.59,161.34,
6990.62,2091.99,4286.94,856.77,2730.12,3466.3,1324.52,1297.94,3266.08,304.42,755.45,258.88,192.28,137.25,460.93,831.21,356.44,160.4,
7947.44,2381.32,4585.23,737.01,2728.58,3486.79,952.21,977.66,2701.63,274.12,764.05,254.73,191.37,145.33,465.4,829.99,361.67,177.29,
7525.49,2211.64,4550.81,580.4,2683.26,3500.93,947.92,867.61,2453.37,247.61,757.6,258.42,192.28,146.22,465.4,838.53,363.63,167.91,
7792.92,2294.03,4534.56,576.71,2664.82,3504.46,905.67,810.27,2356.17,241.92,754.38,253.81,192.28,148.02,458.24,834.87,362.32,173.53,
7820.09,2306.78,4565.15,559.21,2672.5,3512.94,895.26,777.84,2308.16,240.03,755.45,253.35,193.19,148.91,458.24,837.31,366.9,174.47,
8007.72,2358.76,4597.66,573.95,2688.63,3523.54,888.53,767.41,2319.87,241.45,754.38,253.81,194.1,149.81,458.24,838.53,367.55,177.29,
7998.38,2344.05,4580.45,509.46,2668.66,3509.41,874.44,689.8,2139.53,236.72,749.0,249.66,194.1,149.81,453.77,836.09,366.9,176.35,
7583.22,2199.87,4499.19,469.84,2634.86,3503.75,895.26,715.29,2138.35,235.77,743.63,255.19,193.19,148.02,453.77,840.96,366.9,166.97,
8035.73,2386.22,4622.52,579.47,2690.94,3522.83,884.24,759.88,2305.82,239.08,755.45,252.42,194.1,149.81,457.35,840.96,368.86,179.16,
7279.28,2118.47,4555.59,291.12,2648.69,3498.1,879.34,578.02,1576.25,232.46,745.78,250.12,195.01,149.81,446.61,842.18,370.82,158.52,
7407.48,2139.07,4606.26,267.17,2664.82,3529.19,887.91,564.7,1343.21,228.2,750.08,242.73,196.84,151.6,434.97,853.15,379.98,158.52,
7813.3,2277.36,4577.58,301.25,2645.62,3542.62,880.56,568.18,1532.92,227.25,750.08,239.96,196.84,153.4,430.5,851.93,375.4,169.78,
8089.22,2372.49,4614.87,358.37,2676.34,3536.26,873.83,575.13,1705.06,230.56,759.75,237.66,196.84,153.4,436.76,848.28,376.06,179.16,
8071.39,2366.61,4671.28,300.33,2692.48,3527.78,876.89,558.91,1452.11,228.67,761.9,226.58,197.75,153.4,426.92,851.93,382.6,177.29,
8040.83,2356.8,4653.11,323.36,2685.56,3542.62,880.56,569.33,1600.84,230.56,761.9,236.27,198.66,153.4,436.76,853.15,378.67,177.29,
8068.84,2394.07,4699.0,336.26,2696.32,3505.17,869.54,560.65,1571.56,228.67,772.65,226.58,195.92,153.4,425.13,842.18,383.25,181.04,
8163.08,2428.39,4791.74,262.56,2712.45,3534.14,887.91,550.22,1069.18,226.3,775.87,194.28,200.48,156.09,412.6,859.25,389.79,179.16,
8071.39,2319.53,4677.97,260.72,2684.03,3524.25,885.46,552.54,1120.7,223.46,759.75,210.89,198.66,154.3,412.6,850.71,385.87,171.66,
8588.43,2573.55,4841.45,256.11,2683.26,3521.42,898.32,547.33,851.36,220.15,767.27,149.05,204.13,158.78,396.49,861.68,392.41,189.48,
9536.75,3076.69,5907.45,249.66,2508.11,3751.8,956.5,554.85,437.98,207.84,508.29,52.15,218.71,172.24,350.84,795.87,429.69,211.05,
7563.69,2231.26,4702.83,222.02,2362.16,3264.89,826.68,495.78,405.19,192.21,718.92,103.37,179.52,146.22,333.84,792.21,375.4,166.03,
6656.97,2011.57,4042.19,206.36,2083.31,3004.12,759.93,465.08,408.7,175.64,640.47,120.44,164.03,133.66,297.14,722.74,337.47,156.65,
3462.2,1200.47,2781.16,133.58,1531.75,1809.82,543.16,345.77,275.2,143.92,454.56,106.14,93.86,81.63,217.49,435.11,253.76,119.13,
2466.33,952.33,1642.5,116.08,947.17,1481.92,509.48,346.93,224.84,115.52,279.4,99.68,71.99,67.28,138.73,372.95,168.74,102.24,
7871.88,2296.97,4681.79,265.32,2682.49,3554.63,886.69,557.75,1231.95,220.62,758.68,224.27,199.57,155.19,410.81,871.43,384.56,168.84,
7843.86,2276.37,4652.16,280.98,2688.63,3547.57,885.46,564.7,1421.67,225.35,765.12,238.12,198.66,153.4,434.08,848.28,381.94,167.91,
7666.42,2206.74,4645.46,358.37,2705.53,3575.83,898.94,620.88,1904.14,236.72,772.65,259.81,199.57,151.6,418.86,750.77,378.67,164.15,
7950.83,2300.89,4613.91,385.09,2702.46,3548.27,881.18,602.93,1874.87,235.3,766.2,248.73,196.84,151.6,437.66,788.56,377.36,173.53,
8050.16,2324.43,4616.78,432.07,2686.33,3551.1,883.63,630.15,1996.66,236.24,765.12,251.5,196.84,151.6,454.66,851.93,373.44,173.53,
7876.97,2300.89,4600.53,435.76,2688.63,3546.15,882.4,635.36,2007.2,236.72,765.12,251.5,196.84,151.6,451.08,848.28,374.75,172.6,
8231.0,2430.36,4680.84,529.73,2697.85,3532.02,874.44,674.75,2164.12,235.77,762.97,248.73,195.92,151.6,450.19,840.96,373.44,182.91,
7904.14,2293.05,4597.66,470.77,2692.48,3536.26,891.59,680.54,2128.99,237.19,765.12,254.73,195.92,150.71,456.45,845.84,372.13,171.66,
8258.17,2419.57,4633.03,516.83,2707.07,3544.03,876.89,662.58,2157.09,237.19,767.27,250.58,196.84,152.5,449.29,847.06,375.4,181.98,
7976.3,2314.62,4620.61,407.2,2677.88,3546.86,881.79,613.93,1926.39,234.35,766.2,250.12,197.75,152.5,447.5,849.49,374.09,173.53,
8189.4,2383.28,4583.32,441.28,2666.36,3535.55,873.22,611.04,1954.5,232.93,765.12,244.58,196.84,152.5,442.13,847.06,372.79,179.16,
8110.44,2365.63,4647.37,435.76,2677.88,3528.49,873.83,612.77,1945.13,233.4,764.05,245.04,196.84,152.5,444.82,845.84,372.79,178.22,
8146.95,2385.24,4538.39,412.73,2660.21,3503.75,868.32,589.03,1843.25,232.93,758.68,238.58,195.92,152.5,437.66,839.74,372.13,181.04,
7844.71,2325.41,4538.39,378.64,2661.75,3411.18,848.11,568.18,1674.61,231.51,757.6,227.97,190.46,148.91,437.66,817.81,370.17,179.16,
6693.47,2042.95,4076.61,527.88,2428.22,3122.14,891.59,857.19,2032.96,222.04,683.45,228.89,172.23,131.87,407.23,744.68,338.78,160.4,
308.18,116.71,989.52,78.31,763.57,716.58,524.79,259.47,64.41,100.84,224.59,45.22,11.85,25.12,127.99,213.29,130.15,43.15,
295.45,78.46,137.67,73.7,162.09,298.93,403.54,231.67,55.04,86.16,31.16,12.0,10.94,12.56,18.8,87.75,39.89,41.27,
296.3,77.48,138.63,74.62,163.62,298.22,404.15,232.83,55.04,86.64,29.01,12.0,10.94,12.56,18.8,86.53,39.89,42.21,
298.0,78.46,139.58,74.62,164.39,298.93,403.54,232.25,56.21,86.64,29.01,12.0,10.94,12.56,18.8,86.53,39.89,42.21,
300.54,79.44,140.54,76.46,166.7,301.76,404.77,233.99,65.58,88.53,29.01,12.46,10.94,12.56,19.69,86.53,40.55,42.21,
301.39,80.42,142.45,77.39,168.23,303.17,405.99,235.15,59.72,87.59,32.24,12.46,10.94,12.56,19.69,86.53,40.55,42.21,
303.09,80.42,144.36,77.39,169.77,304.58,407.22,235.73,60.9,88.06,31.16,12.92,10.94,12.56,19.69,87.75,41.2,42.21,
303.94,82.38,147.23,79.23,173.61,310.94,409.05,238.04,69.09,89.48,34.39,13.84,11.85,13.46,20.59,87.75,41.2,42.21,
307.34,85.33,150.1,82.91,176.68,315.18,414.56,242.68,80.8,90.9,35.46,14.31,12.76,13.46,21.48,90.19,41.86,43.15,
309.88,86.31,155.84,81.99,180.52,319.42,415.18,243.26,84.32,91.85,37.61,14.77,12.76,13.46,22.38,90.19,43.16,43.15,
303.94,83.37,149.14,80.15,173.61,313.77,413.95,240.94,83.15,90.43,35.46,14.31,11.85,13.46,20.59,87.75,41.86,43.15,
303.09,86.31,143.41,90.28,169.77,306.0,413.34,242.68,330.24,89.01,32.24,12.92,15.49,13.46,20.59,86.53,40.55,42.21,
309.88,119.65,171.13,127.13,195.12,380.9,485.6,301.17,654.62,127.83,60.18,21.23,22.78,17.94,33.12,87.75,46.43,45.96,
302.24,90.23,145.32,84.76,172.07,363.24,467.84,262.95,128.82,94.69,37.61,22.61,13.67,15.25,21.48,87.75,41.2,44.09,
304.79,92.19,152.97,96.73,182.83,422.6,481.92,289.59,380.59,111.73,54.81,32.3,18.23,17.04,27.75,87.75,43.82,45.96,
303.94,84.35,143.41,87.52,172.07,319.42,431.71,250.21,112.42,92.32,32.24,14.31,11.85,13.46,21.48,85.32,40.55,42.21,
305.64,86.31,147.23,86.6,174.38,335.68,442.12,250.79,141.7,93.27,34.39,16.61,12.76,13.46,20.59,85.32,41.2,43.15,
306.49,84.35,146.28,81.99,174.38,325.78,443.96,251.94,108.91,96.11,33.31,15.23,11.85,13.46,20.59,85.32,41.2,43.15,
309.03,86.31,145.32,87.52,177.45,324.37,442.12,258.89,299.79,98.95,34.39,14.77,15.49,14.35,23.27,85.32,41.2,44.09,
330.26,157.9,162.53,211.89,215.09,544.86,618.48,406.01,1268.26,137.77,55.88,40.61,27.34,22.43,43.86,92.63,46.43,48.78,
332.81,155.94,154.88,213.73,198.96,489.73,581.12,389.79,1603.18,115.52,44.06,32.76,31.89,21.53,34.91,91.41,43.16,48.78,
333.65,220.67,231.36,232.16,258.11,922.23,813.21,480.14,1504.81,169.02,137.55,93.22,32.81,28.71,59.97,101.16,57.55,54.4,
337.05,204.98,201.73,224.79,244.28,809.86,771.57,470.87,1685.15,163.81,107.46,76.6,37.36,27.81,55.49,98.72,53.63,53.47,
326.86,155.94,194.08,167.67,227.38,667.11,653.99,388.05,1010.62,142.5,95.64,60.91,25.52,22.43,46.54,95.07,51.67,49.71,
323.47,140.25,174.96,141.87,209.71,540.62,562.14,350.4,861.9,128.3,70.92,42.92,24.6,21.53,40.28,90.19,47.74,48.78,
323.47,130.44,171.13,140.03,204.34,538.5,571.33,343.45,847.85,124.04,70.92,43.38,23.69,21.53,38.49,91.41,47.09,47.84,
325.16,126.52,171.13,133.58,205.1,530.72,562.14,335.92,735.43,121.2,66.63,42.46,21.87,20.63,37.59,91.41,47.09,47.84,
324.32,122.6,171.13,129.9,203.57,513.76,549.28,328.4,683.9,119.31,63.4,40.15,20.96,19.74,36.7,91.41,47.09,46.9,
323.47,118.67,167.31,125.29,199.73,501.04,541.32,323.76,652.28,117.88,61.25,38.3,20.96,19.74,34.91,90.19,46.43,46.9,
323.47,116.71,166.35,122.53,197.42,478.43,525.4,313.34,582.02,112.2,54.81,35.07,20.05,19.74,34.01,90.19,45.78,46.9,
322.62,110.83,161.57,114.24,193.58,452.99,510.09,304.65,508.24,111.73,51.58,31.84,19.14,18.84,33.12,87.75,44.47,45.96,
325.16,114.75,168.27,119.76,198.96,467.83,519.89,309.28,534.0,111.73,55.88,33.69,19.14,20.63,36.7,90.19,45.78,46.9,
326.86,118.67,173.05,123.45,203.57,475.6,524.79,312.18,560.94,113.62,58.03,34.61,20.96,24.22,43.86,93.85,46.43,46.9,
326.01,127.5,174.96,131.74,204.34,499.63,537.65,324.34,675.7,115.04,59.1,36.92,25.52,33.19,51.02,93.85,46.43,47.84,
326.86,139.27,179.74,139.11,207.41,527.89,552.34,335.35,695.61,119.31,63.4,40.61,27.34,43.06,64.44,97.5,47.74,49.71,
328.56,130.44,175.91,135.43,208.95,510.93,546.83,325.5,620.66,116.46,62.33,37.84,25.52,36.78,69.81,99.94,47.74,48.78,
331.96,141.23,189.3,146.48,219.7,555.46,574.39,342.3,706.15,122.62,70.92,43.38,27.34,40.37,80.55,102.38,49.7,49.71,
333.65,136.33,190.25,140.95,219.7,536.38,559.69,334.19,640.57,120.25,65.55,40.61,25.52,37.68,73.39,99.94,49.7,49.71,
331.96,135.35,182.61,140.03,214.32,529.31,553.57,330.71,612.46,117.41,62.33,40.15,24.6,34.09,65.34,97.5,47.74,47.84,
337.05,133.39,184.52,137.27,216.63,518.0,551.12,327.24,599.58,117.88,64.48,39.22,23.69,34.09,62.65,97.5,48.4,48.78,
333.65,173.6,204.6,148.32,218.93,645.2,638.07,408.32,1142.95,145.34,102.09,75.68,34.63,36.78,40.28,95.07,51.67,57.22,
342.99,210.87,205.55,232.16,245.05,706.69,688.9,427.44,1517.69,160.02,105.31,66.45,40.1,26.91,58.18,96.28,52.32,50.65,
335.35,153.98,193.12,164.91,226.61,590.08,597.66,361.41,925.14,136.82,85.97,54.91,27.34,22.43,42.96,91.41,49.7,49.71,
335.35,149.08,189.3,156.61,227.38,597.86,620.31,364.88,882.98,136.82,82.75,56.76,27.34,22.43,42.07,92.63,49.7,49.71,
339.6,182.42,201.73,196.23,238.9,692.55,674.2,401.95,1178.09,142.98,93.49,65.53,30.98,25.12,46.54,95.07,51.01,51.59,
334.5,138.29,190.25,147.4,222.77,530.01,556.63,335.35,726.06,124.99,73.07,44.3,23.69,20.63,37.59,90.19,49.05,47.84,
339.6,141.23,183.56,153.85,218.93,535.67,562.75,342.3,788.12,122.62,66.63,44.3,24.6,20.63,35.8,93.85,48.4,48.78,
327.71,102.98,174.96,106.87,202.8,362.53,481.92,268.16,154.58,107.47,55.88,16.15,13.67,14.35,25.06,82.88,44.47,45.02,
327.71,101.02,160.62,103.18,195.12,359.7,466.61,262.37,148.72,99.89,32.24,15.69,12.76,14.35,21.48,81.66,41.86,44.09,
328.56,132.4,172.09,134.5,210.48,501.75,532.14,315.07,500.04,117.41,50.51,36.46,18.23,17.94,31.33,86.53,45.78,46.9,
327.71,115.73,162.53,118.84,195.89,431.79,502.74,302.91,484.82,104.63,46.21,28.15,20.05,17.94,25.06,84.1,43.82,46.9,
329.41,91.21,158.7,93.05,191.28,337.8,438.45,259.47,159.26,97.53,35.46,16.15,12.76,13.46,21.48,82.88,42.51,44.09,
326.01,95.14,160.62,96.73,193.58,361.12,444.57,262.37,155.75,99.42,39.76,19.84,12.76,14.35,23.27,82.88,43.16,44.09,
325.16,106.9,152.01,92.13,185.9,421.19,535.2,359.67,74.95,94.69,32.24,31.84,11.85,17.04,19.69,85.32,41.2,45.02,
326.86,94.15,176.87,93.05,210.48,367.48,451.3,284.96,194.4,129.25,68.78,23.53,44.65,26.02,31.33,84.1,43.16,45.96,
328.56,87.29,155.84,87.52,191.28,318.72,418.24,251.36,72.61,96.11,32.24,13.38,11.85,13.46,20.59,82.88,42.51,44.09,
324.32,84.35,153.92,85.68,188.2,314.48,416.4,250.21,69.09,95.16,32.24,13.38,11.85,13.46,19.69,80.44,41.2,44.09,
326.01,98.08,152.01,105.02,201.26,332.85,441.51,282.06,182.69,96.58,33.31,14.77,15.49,15.25,24.17,82.88,41.2,44.09,
326.01,89.25,167.31,99.5,213.55,357.58,439.67,270.48,154.58,99.89,59.1,21.23,13.67,14.35,24.17,82.88,42.51,44.09,
326.01,86.31,156.79,97.65,198.96,326.49,423.75,254.84,101.88,98.0,37.61,15.69,12.76,13.46,21.48,80.44,41.86,44.09,
326.86,93.17,157.75,130.82,239.67,353.34,447.02,279.16,339.61,100.37,40.84,18.92,14.58,15.25,31.33,85.32,41.86,44.09,
326.86,155.94,285.86,148.32,354.9,551.22,684.0,520.68,366.54,182.75,159.04,52.61,23.69,27.81,45.65,97.5,48.4,47.84,
325.16,84.35,149.14,94.89,188.97,313.06,413.95,249.05,118.28,97.53,32.24,12.92,12.76,13.46,20.59,80.44,41.86,44.09,
331.96,122.6,185.47,137.27,275.01,416.95,535.81,377.63,359.52,143.45,67.7,29.07,21.87,19.74,35.8,87.75,43.82,45.96,
332.81,156.92,256.22,147.4,341.84,529.31,623.38,476.09,409.87,206.42,120.36,48.45,27.34,26.91,45.65,95.07,47.09,49.71,
329.41,115.73,201.73,117.92,242.75,556.87,476.41,312.76,237.73,108.42,104.24,57.68,16.4,22.43,28.64,87.75,43.82,46.9,
328.56,85.33,156.79,86.6,193.58,321.54,423.75,256.58,72.61,99.89,35.46,14.31,11.85,13.46,20.59,80.44,41.86,44.09,
328.56,84.35,152.97,85.68,188.2,313.06,414.56,248.47,64.41,95.16,31.16,12.46,11.85,12.56,19.69,79.22,41.2,44.09,
329.41,85.33,155.84,85.68,189.74,314.48,413.34,248.47,64.41,94.69,31.16,12.92,11.85,13.46,19.69,79.22,41.2,44.09,
330.26,85.33,154.88,85.68,189.74,315.18,414.56,249.63,64.41,95.16,30.09,12.92,11.85,13.46,19.69,79.22,41.86,44.09,
315.83,83.37,155.84,84.76,190.51,308.12,405.99,243.83,65.58,94.69,31.16,12.46,10.94,12.56,21.48,81.66,42.51,43.15,
330.26,104.94,202.68,93.05,214.32,371.01,353.94,225.3,129.99,95.16,38.69,14.77,16.4,15.25,28.64,101.16,46.43,44.09,
343.84,107.89,199.82,95.81,217.4,373.13,357.0,229.93,140.53,98.0,39.76,15.23,16.4,16.15,30.43,104.82,48.4,44.09,
340.45,106.9,197.9,94.89,215.86,370.3,355.17,228.2,137.01,97.53,39.76,15.23,16.4,15.25,29.54,98.72,47.74,44.09,
316.67,102.0,206.51,91.2,218.93,378.78,357.0,224.14,120.62,92.79,40.84,15.69,15.49,15.25,31.33,104.82,47.09,43.15,
325.16,105.92,203.64,91.2,213.55,370.3,353.33,227.04,129.99,95.16,41.91,15.23,16.4,16.15,32.22,101.16,50.36,44.09,
371.86,126.52,241.88,122.53,293.45,501.04,435.38,286.69,218.99,107.94,66.63,22.15,21.87,19.74,50.12,140.16,63.44,51.59,
374.41,130.44,238.06,119.76,312.65,511.64,452.53,286.12,837.31,112.2,66.63,22.61,48.3,33.19,55.49,156.0,68.02,50.65,
376.1,124.56,256.22,113.32,302.66,531.43,440.89,268.16,223.67,105.58,85.97,22.15,22.78,21.53,52.81,148.69,71.29,50.65,
363.37,123.58,247.62,114.24,298.82,496.8,442.73,274.53,223.67,103.21,55.88,22.61,22.78,21.53,51.02,145.04,68.67,51.59,
390.54,134.37,247.62,119.76,304.2,501.04,439.67,272.21,223.67,103.68,53.73,22.15,22.78,20.63,51.91,140.16,70.63,52.53,
353.18,114.75,218.94,109.63,265.02,445.92,434.77,284.38,187.37,98.95,51.58,20.77,19.14,18.84,42.96,127.97,63.44,49.71,
376.1,128.48,239.97,120.69,298.82,493.97,478.86,355.62,251.78,133.03,60.18,24.0,23.69,21.53,51.91,143.82,71.29,53.47,
376.95,126.52,241.88,118.84,298.82,493.27,475.8,328.97,281.05,138.24,64.48,23.53,24.6,23.32,52.81,145.04,71.29,54.4,
379.5,126.52,241.88,119.76,298.82,492.56,471.51,301.75,414.56,113.62,96.72,23.07,30.07,26.91,63.55,147.47,71.94,53.47,
376.1,126.52,241.88,119.76,299.59,495.39,470.29,295.96,494.19,111.73,96.72,23.53,30.07,26.02,65.34,146.25,71.29,53.47,
378.65,132.4,249.53,121.61,304.97,501.04,473.96,301.17,471.94,113.15,105.31,23.53,32.81,28.71,66.23,146.25,73.25,53.47,
377.8,129.46,251.44,120.69,303.43,503.16,472.74,302.91,393.48,115.04,102.09,23.53,30.07,26.91,63.55,147.47,73.25,53.47,
377.8,130.44,252.4,120.69,302.66,503.16,473.35,303.49,381.77,115.99,97.79,23.53,29.16,26.91,61.76,147.47,73.25,53.47,
377.8,129.46,250.49,120.69,302.66,501.75,473.96,303.49,398.16,115.52,99.94,23.53,30.07,26.91,62.65,147.47,73.25,53.47,
378.65,130.44,252.4,120.69,303.43,502.45,472.74,302.91,399.33,115.04,101.01,23.53,30.07,26.91,62.65,146.25,73.9,53.47,
378.65,130.44,250.49,120.69,303.43,502.45,473.35,302.91,398.16,115.04,102.09,23.53,30.07,26.91,63.55,147.47,73.25,53.47,
376.95,129.46,248.57,120.69,303.43,502.45,471.51,301.75,412.21,115.04,101.01,23.53,30.98,27.81,63.55,146.25,73.25,53.47,
376.1,128.48,247.62,120.69,301.9,501.04,471.51,303.49,395.82,115.04,101.01,23.53,30.07,26.91,63.55,146.25,72.6,53.47,
378.65,127.5,244.75,119.76,299.59,496.8,470.9,301.17,457.88,114.57,97.79,23.53,30.98,27.81,66.23,146.25,71.94,53.47,
377.8,127.5,244.75,119.76,300.36,497.51,470.9,301.17,446.17,114.57,98.86,23.53,30.98,27.81,66.23,146.25,71.94,53.47,
377.8,127.5,245.71,119.76,300.36,497.51,471.51,300.59,464.91,114.57,98.86,23.53,30.98,27.81,65.34,146.25,71.94,53.47,
376.95,127.5,245.71,119.76,299.59,496.8,470.9,300.02,476.62,113.62,98.86,23.53,30.98,27.81,66.23,146.25,71.94,53.47,
375.26,125.54,245.71,118.84,297.29,493.27,471.51,296.54,497.7,111.26,95.64,23.53,30.07,26.91,65.34,145.04,71.29,53.47,
376.1,125.54,244.75,118.84,296.52,493.27,471.51,295.38,464.91,110.78,88.12,23.53,28.25,25.12,63.55,145.04,70.63,53.47,
382.05,128.48,237.1,119.76,296.52,493.27,475.19,297.7,469.59,111.26,101.01,23.53,29.16,26.91,64.44,146.25,71.94,53.47,
377.8,126.52,239.01,119.76,296.52,493.27,473.35,296.54,468.42,110.78,95.64,23.53,29.16,26.02,63.55,146.25,71.29,53.47,
379.5,127.5,238.06,118.84,296.52,493.27,473.96,297.7,505.9,111.26,96.72,23.53,30.07,26.91,64.44,145.04,71.29,53.47,
376.1,127.5,243.79,119.76,298.82,497.51,473.96,295.96,435.63,111.26,92.42,24.0,28.25,26.02,62.65,145.04,72.6,53.47,
384.59,128.48,240.93,119.76,298.05,494.68,478.25,299.44,442.66,111.73,90.27,24.0,28.25,26.02,61.76,145.04,73.25,53.47,
379.5,127.5,239.97,119.76,298.05,494.68,475.8,297.7,454.37,111.26,98.86,24.0,28.25,26.02,63.55,145.04,72.6,53.47,
381.2,127.5,238.06,119.76,297.29,494.68,476.41,297.7,428.61,111.26,94.57,23.53,27.34,26.02,62.65,145.04,72.6,53.47,
381.2,127.5,238.06,118.84,296.52,493.27,477.02,298.86,487.16,111.26,95.64,23.53,29.16,26.02,63.55,146.25,71.94,53.47,
379.5,126.52,238.06,119.76,297.29,494.68,475.8,297.7,439.15,111.26,92.42,23.53,27.34,26.02,62.65,145.04,71.94,53.47,
380.35,127.5,237.1,119.76,296.52,493.97,476.41,298.28,462.57,111.26,94.57,23.53,28.25,26.02,63.55,145.04,71.94,53.47,
380.35,127.5,237.1,118.84,296.52,493.97,477.02,298.86,497.7,111.26,96.72,23.53,29.16,26.02,64.44,146.25,71.94,53.47,
381.2,127.5,237.1,119.76,296.52,493.97,475.8,297.7,463.74,111.26,96.72,23.53,28.25,26.02,63.55,146.25,71.94,53.47,
380.35,127.5,237.1,119.76,296.52,493.97,475.8,297.7,464.91,111.26,95.64,23.53,28.25,26.02,63.55,146.25,71.94,53.47,
381.2,127.5,236.15,119.76,297.29,494.68,475.8,297.7,430.95,111.26,96.72,23.53,27.34,25.12,63.55,145.04,72.6,53.47,
390.54,131.42,246.66,121.61,298.82,493.27,476.41,298.28,398.16,111.73,84.89,23.53,26.43,25.12,60.86,143.82,73.25,53.47,
393.93,137.31,243.79,140.95,305.74,492.56,484.37,303.49,430.95,111.73,92.42,24.0,29.16,25.12,62.65,142.6,78.48,53.47,
387.99,130.44,240.93,120.69,298.82,494.68,481.31,300.59,459.06,112.2,110.69,24.0,29.16,27.81,65.34,146.25,75.21,53.47,
383.75,128.48,239.97,120.69,298.05,495.39,480.09,300.02,441.49,112.2,102.09,24.0,28.25,26.91,64.44,146.25,74.56,53.47,
327.71,110.83,232.32,105.02,246.59,395.74,405.99,260.05,155.75,110.78,53.73,17.54,19.14,17.94,37.59,108.47,62.13,49.71,
326.01,102.0,217.02,93.97,221.24,372.42,390.68,240.36,134.67,98.0,42.98,15.69,15.49,15.25,32.22,106.03,51.67,45.02,
332.81,102.98,233.28,99.5,234.3,375.96,412.73,258.31,155.75,99.42,46.21,20.3,15.49,17.04,35.8,138.94,52.97,45.02,
377.8,120.64,228.5,111.47,238.14,400.69,399.87,256.0,153.41,99.89,50.51,17.07,16.4,17.04,34.91,120.66,54.28,47.84,
320.07,99.06,204.6,89.36,205.1,361.82,380.88,234.57,113.59,90.43,44.06,16.61,13.67,15.25,30.43,112.13,47.74,43.15,
320.07,100.04,200.77,92.13,209.71,367.48,391.91,242.68,127.65,95.16,46.21,18.0,14.58,15.25,34.91,119.44,53.63,44.09,
422.8,147.12,268.65,132.66,314.19,481.25,427.42,268.16,274.03,103.68,45.13,18.92,20.05,18.84,45.65,135.29,62.13,50.65,
421.95,146.14,254.31,136.35,313.42,488.32,437.83,273.37,277.54,104.63,47.28,19.38,20.96,18.84,48.33,137.72,63.44,51.59,
421.1,149.08,253.35,140.03,317.26,494.68,436.0,272.79,284.57,105.1,47.28,19.84,20.96,18.84,48.33,138.94,63.44,51.59,
422.8,150.06,255.27,141.87,319.56,493.97,438.45,274.53,259.98,106.05,46.21,19.84,20.96,18.84,48.33,138.94,64.09,51.59,
458.46,168.69,282.99,169.51,359.51,532.84,461.71,288.43,426.27,108.89,53.73,21.23,23.69,21.53,68.02,153.57,68.02,52.53,
464.4,168.69,282.04,168.59,359.51,535.67,460.49,287.85,406.36,109.36,53.73,21.23,23.69,21.53,65.34,153.57,68.02,52.53,
463.55,169.67,282.04,168.59,358.74,537.79,461.1,287.85,429.78,109.84,53.73,21.23,23.69,21.53,65.34,154.79,68.02,52.53,
465.25,168.69,283.95,168.59,358.74,537.79,460.49,287.27,428.61,109.84,53.73,21.23,24.6,21.53,65.34,154.79,68.02,52.53,
466.95,170.65,289.68,171.35,361.81,542.74,459.88,287.27,494.19,109.84,54.81,21.23,24.6,21.53,70.71,156.0,68.02,52.53,
468.64,172.62,289.68,172.28,363.35,543.44,460.49,287.27,523.46,109.84,54.81,21.23,24.6,22.43,73.39,157.22,68.02,52.53,
469.49,172.62,291.6,173.2,364.12,544.86,459.88,287.27,525.81,109.84,54.81,21.69,24.6,21.53,74.29,158.44,68.02,52.53,
466.1,172.62,293.51,172.28,364.12,545.56,459.27,286.69,519.95,109.84,55.88,21.69,24.6,22.43,73.39,157.22,68.02,52.53,
466.1,171.64,294.46,172.28,364.89,544.86,459.27,286.69,519.95,109.84,55.88,21.69,24.6,22.43,74.29,157.22,68.02,52.53,
468.64,172.62,293.51,173.2,364.89,545.56,459.88,287.27,529.32,109.84,55.88,21.69,24.6,22.43,74.29,158.44,68.67,52.53,
466.1,172.62,295.42,172.28,364.89,545.56,459.27,286.69,524.63,109.84,55.88,21.69,24.6,22.43,74.29,157.22,68.02,52.53,
469.49,173.6,294.46,174.12,364.89,546.27,459.88,287.27,534.0,109.84,55.88,21.69,24.6,22.43,74.29,158.44,68.02,52.53,
470.34,173.6,294.46,174.12,364.89,546.27,460.49,287.27,536.35,109.84,54.81,21.69,24.6,22.43,75.18,158.44,68.02,52.53,
472.04,174.58,294.46,175.96,367.19,547.68,459.88,287.27,541.03,109.84,54.81,21.69,24.6,22.43,76.08,159.66,68.67,52.53,
474.59,173.6,292.55,175.04,365.65,546.98,459.88,287.85,538.69,110.31,55.88,21.69,24.6,22.43,75.18,158.44,68.67,52.53,
469.49,172.62,293.51,174.12,364.12,544.15,461.1,287.85,531.66,110.31,53.73,21.69,24.6,21.53,74.29,157.22,68.02,52.53,
344.69,113.77,343.22,97.65,298.82,382.32,414.56,259.47,146.38,107.47,51.58,18.92,18.23,17.04,51.02,117.0,73.25,49.71,
355.73,126.52,231.36,121.61,292.68,469.95,478.86,296.54,213.13,110.31,54.81,23.07,22.78,20.63,47.44,135.29,66.71,57.22,
355.73,128.48,247.62,122.53,291.91,474.19,480.09,297.7,211.96,109.84,56.95,23.53,22.78,20.63,46.54,135.29,67.36,56.28,
354.88,129.46,244.75,125.29,296.52,478.43,481.31,298.86,211.96,110.31,51.58,23.07,22.78,20.63,47.44,135.29,67.36,55.34,
359.12,119.65,235.19,121.61,299.59,475.6,477.02,297.12,211.96,110.78,51.58,23.07,23.69,20.63,47.44,134.07,67.36,56.28,
344.69,111.81,234.23,104.1,292.68,413.41,436.61,273.37,162.78,110.78,53.73,19.84,18.23,17.94,46.54,118.22,68.67,48.78,
385.44,125.54,240.93,105.02,255.8,428.25,412.73,252.52,139.36,95.16,38.69,16.15,20.05,17.94,35.8,106.03,60.82,49.71,
379.5,124.56,238.06,105.02,259.65,425.43,412.11,252.52,135.84,96.11,39.76,16.15,20.05,17.94,35.8,102.38,62.13,50.65,
377.8,123.58,234.23,105.02,259.65,424.72,410.89,251.94,131.16,96.11,39.76,15.69,19.14,17.94,34.01,101.16,60.82,50.65,
376.95,161.83,276.3,165.83,315.72,494.68,475.8,297.7,276.37,107.94,56.95,35.99,35.54,23.32,55.49,141.38,87.64,64.72,
392.24,143.19,302.11,128.98,334.16,548.39,486.82,306.39,529.32,115.04,55.88,24.0,41.01,27.81,60.86,142.6,70.63,52.53,
391.39,143.19,301.16,128.06,333.39,547.68,486.82,306.39,542.2,115.04,55.88,24.0,41.92,27.81,60.86,143.82,71.29,52.53,
391.39,142.21,298.29,128.06,331.85,544.86,486.21,305.81,507.07,114.57,55.88,24.0,41.01,27.81,59.97,142.6,70.63,52.53,
328.56,103.96,201.73,97.65,212.02,380.2,409.05,250.21,121.79,96.58,44.06,16.15,16.4,16.15,29.54,104.82,51.01,45.96,
380.35,122.6,239.01,118.84,287.3,460.05,477.64,298.86,215.47,111.73,51.58,22.61,25.52,20.63,44.75,129.19,96.14,59.1,
405.82,126.52,236.15,119.76,286.53,460.05,476.41,300.02,210.79,112.2,54.81,22.61,24.6,20.63,45.65,130.41,75.87,54.4,
324.32,102.98,221.8,99.5,244.28,362.53,391.91,244.41,119.45,105.58,45.13,14.77,16.4,16.15,34.91,97.5,54.28,46.9,
339.6,110.83,218.94,100.42,227.38,385.85,405.38,249.63,153.41,99.42,45.13,17.07,19.14,17.94,29.54,106.03,52.97,48.78,
357.43,112.79,227.54,107.79,250.43,422.6,488.05,300.02,169.8,105.58,46.21,28.61,17.31,17.04,37.59,123.1,58.86,49.71,
339.6,106.9,209.38,101.34,228.15,391.5,401.7,248.47,141.7,98.0,46.21,16.15,17.31,17.04,31.33,104.82,49.7,45.96,
332.81,103.96,212.24,97.65,228.15,381.61,393.74,242.68,119.45,97.53,42.98,16.61,14.58,16.15,34.91,102.38,49.05,45.02,
321.77,101.02,207.46,92.13,214.32,370.3,378.43,232.83,97.2,92.32,40.84,14.77,13.67,15.25,29.54,95.07,46.43,44.09,
317.52,97.1,203.64,90.28,208.18,359.7,371.09,227.04,92.51,91.37,38.69,14.31,13.67,14.35,25.06,92.63,44.47,44.09,
323.47,98.08,204.6,90.28,212.02,363.24,373.54,229.93,93.68,91.37,39.76,14.31,13.67,14.35,25.96,95.07,44.47,44.09,
321.77,98.08,199.82,91.2,208.18,360.41,372.92,228.2,97.2,90.43,38.69,14.77,13.67,14.35,25.06,98.72,44.47,43.15,
323.47,100.04,202.68,93.05,214.32,363.94,375.99,232.25,99.54,92.79,38.69,14.77,13.67,14.35,29.54,101.16,45.13,43.15,
332.81,103.96,212.24,99.5,226.61,391.5,398.03,253.1,131.16,94.69,41.91,16.61,15.49,16.15,31.33,104.82,47.09,45.02,
322.62,100.04,211.29,93.05,224.31,375.96,397.42,250.79,118.28,101.31,46.21,16.15,15.49,16.15,34.91,103.6,47.74,45.02,
354.88,116.71,234.23,101.34,228.15,389.38,382.11,239.78,124.13,101.31,45.13,16.61,17.31,17.04,30.43,108.47,49.7,47.84,
331.11,104.94,223.72,98.58,232.76,390.8,401.7,247.31,125.3,97.53,52.66,17.07,15.49,16.15,34.91,110.91,50.36,45.96,
325.16,98.08,200.77,92.13,210.48,365.36,375.99,232.83,98.37,91.37,39.76,14.77,13.67,15.25,25.96,97.5,43.82,43.15,
320.92,99.06,204.6,90.28,208.95,358.29,369.86,228.2,90.17,91.37,37.61,14.31,13.67,14.35,25.06,95.07,44.47,43.15,
318.37,97.1,199.82,91.2,207.41,354.76,364.35,222.98,87.83,94.69,34.39,14.77,13.67,14.35,24.17,97.5,44.47,43.15,
317.52,97.1,198.86,89.36,205.87,359.0,369.86,227.04,93.68,90.9,38.69,15.23,13.67,14.35,26.85,103.6,45.13,43.15,
334.5,106.9,216.07,97.65,225.85,391.5,385.17,239.2,132.33,96.11,41.91,17.54,16.4,16.15,32.22,113.35,51.01,46.9,
458.46,164.77,329.84,150.17,346.45,570.3,506.42,337.66,302.13,125.46,58.03,29.53,27.34,23.32,61.76,169.41,87.64,60.97,
454.21,165.75,298.29,150.17,364.89,568.18,510.7,342.3,313.84,130.67,60.18,29.07,27.34,23.32,63.55,163.32,92.22,60.97,
356.58,122.6,274.39,106.87,295.75,451.57,442.73,273.37,195.57,109.84,55.88,23.07,20.05,19.74,59.07,141.38,75.87,48.78,
370.16,123.58,256.22,118.84,269.63,430.37,441.51,288.43,233.04,116.46,51.58,24.0,20.96,19.74,48.33,138.94,69.33,53.47,
367.61,120.64,230.41,106.87,245.82,427.55,423.14,268.16,165.12,101.31,48.36,19.84,18.23,18.84,40.28,125.54,60.82,48.78,
399.88,131.42,241.88,114.24,261.18,503.16,429.26,263.53,208.45,100.84,56.95,22.15,22.78,22.43,44.75,175.51,60.82,51.59,
418.55,143.19,293.51,116.08,332.62,527.19,455.59,269.32,216.65,98.47,93.49,25.38,23.69,22.43,78.76,162.1,74.56,52.53,
509.4,177.52,297.33,165.83,404.83,655.1,551.12,360.25,344.29,137.3,67.7,32.76,32.81,27.81,72.5,193.79,105.95,69.41,
642.69,224.6,319.32,198.07,471.66,789.37,593.98,388.05,406.36,152.92,75.22,37.38,39.18,31.4,86.82,237.66,125.57,78.79,
526.38,190.27,310.72,171.35,432.49,702.45,567.04,371.83,381.77,142.98,75.22,34.61,35.54,29.6,82.34,213.29,117.07,73.17,
522.98,189.29,304.02,171.35,426.34,691.85,556.02,366.04,377.08,141.56,72.0,34.15,35.54,29.6,79.66,210.85,112.49,71.29,
569.68,204.98,322.19,182.41,444.78,742.73,568.88,379.36,402.84,145.82,76.3,35.99,37.36,31.4,85.92,226.69,120.34,75.04,
557.79,203.02,345.14,174.12,440.94,734.95,571.94,378.2,379.42,143.45,76.3,35.07,36.45,30.5,82.34,218.16,112.49,72.23,
547.6,198.12,331.75,173.2,439.4,725.77,565.2,374.73,380.59,143.45,74.15,34.61,36.45,30.5,81.45,213.29,112.49,72.23,
546.75,197.14,322.19,173.2,437.86,723.65,563.37,373.57,380.59,142.03,75.22,34.61,36.45,30.5,81.45,212.07,112.49,72.23,
578.17,206.94,354.7,177.8,448.62,751.21,571.94,381.1,389.96,145.82,77.37,35.99,37.36,31.4,84.13,219.38,115.11,73.17,
552.7,201.06,350.87,174.12,444.78,735.66,570.71,379.36,385.28,144.87,77.37,35.07,37.36,30.5,83.24,216.94,113.8,72.23,
545.9,198.12,343.22,173.2,441.7,728.59,568.88,377.05,381.77,143.92,75.22,35.07,36.45,30.5,82.34,215.73,113.14,72.23,
527.23,196.15,332.71,169.51,433.25,715.17,564.59,372.41,377.08,140.61,76.3,34.61,36.45,30.5,81.45,208.41,111.18,71.29,
567.98,203.02,341.31,175.04,445.55,740.61,576.84,380.52,378.25,144.87,74.15,34.61,36.45,30.5,81.45,216.94,112.49,72.23,
544.21,199.1,333.66,172.28,437.86,726.47,571.33,377.05,375.91,142.98,74.15,34.61,36.45,30.5,81.45,214.51,111.84,71.29,
551.85,200.08,322.19,174.12,438.63,731.42,565.82,375.89,380.59,142.98,75.22,34.61,36.45,30.5,81.45,214.51,111.84,72.23,
627.41,220.67,353.74,186.09,465.52,783.72,578.67,382.84,395.82,148.66,75.22,35.53,38.27,32.29,85.92,231.57,119.03,75.98,
679.2,231.46,380.51,191.62,480.11,800.68,582.35,384.58,398.16,151.03,74.15,35.53,39.18,32.29,87.71,236.44,120.99,76.92,
674.95,228.52,375.73,190.7,477.81,798.56,581.12,384.58,399.33,150.55,75.22,35.99,39.18,32.29,87.71,236.44,120.99,76.92,
627.41,220.67,376.69,187.94,477.04,778.77,573.16,382.26,399.33,151.03,76.3,35.99,38.27,31.4,87.71,230.35,121.65,75.98,
624.86,224.6,330.79,192.54,447.85,766.76,560.92,375.31,394.65,147.24,74.15,35.53,38.27,30.5,83.24,225.48,119.03,76.92,
738.63,267.75,399.63,220.18,513.15,822.58,570.71,368.36,399.33,157.65,73.07,36.46,40.1,30.5,86.82,265.7,127.53,80.67,
736.93,269.71,418.75,219.26,520.83,824.0,574.39,367.78,396.99,157.65,72.0,35.99,40.1,30.5,88.61,270.57,128.19,79.73,
353.18,120.64,229.45,96.73,233.53,409.88,436.61,263.53,183.86,98.0,56.95,24.46,19.14,19.74,54.6,173.07,67.36,48.78,
354.03,129.46,235.19,110.55,251.96,498.92,542.55,338.82,336.09,104.16,65.55,37.84,28.25,26.91,65.34,264.48,78.48,59.1,
449.97,190.27,404.41,154.77,466.29,875.58,650.93,440.76,566.79,175.64,200.95,64.14,58.32,54.72,183.48,499.7,205.36,99.43,
346.39,106.9,199.82,103.18,271.17,450.16,423.14,258.31,114.76,100.37,40.84,17.07,14.58,16.15,78.76,184.04,66.06,49.71,
346.39,106.9,198.86,103.18,271.17,450.16,423.75,258.89,113.59,100.84,41.91,17.07,14.58,16.15,76.08,187.69,64.75,49.71,
347.24,106.9,200.77,103.18,271.17,450.16,423.75,258.89,113.59,101.79,41.91,17.07,14.58,16.15,74.29,186.47,66.06,49.71,
347.24,106.9,198.86,103.18,271.94,450.87,424.36,259.47,114.76,101.79,41.91,17.07,14.58,16.15,72.5,187.69,65.4,50.65,
348.09,107.89,198.86,103.18,271.17,450.16,424.97,258.89,113.59,100.84,40.84,17.07,13.67,16.15,76.08,186.47,65.4,49.71,
348.09,107.89,200.77,103.18,271.17,450.16,424.97,258.89,114.76,101.31,40.84,17.07,13.67,16.15,75.18,184.04,66.06,49.71,
345.54,106.9,204.6,104.1,272.7,451.57,427.42,263.53,117.11,103.68,41.91,18.0,14.58,16.15,70.71,174.29,66.06,50.65,
347.24,106.9,199.82,103.18,271.94,450.87,424.97,260.05,114.76,102.26,41.91,17.54,14.58,16.15,71.6,180.38,66.71,50.65,
346.39,106.9,199.82,103.18,271.94,450.87,426.81,261.79,115.93,102.74,40.84,17.54,14.58,16.15,70.71,177.94,66.71,50.65,
347.24,107.89,200.77,103.18,271.94,450.87,426.2,261.21,115.93,102.74,41.91,17.54,14.58,16.15,70.71,176.72,66.71,50.65,
347.24,106.9,200.77,104.1,271.94,450.87,427.42,262.37,115.93,103.68,41.91,17.54,14.58,16.15,70.71,176.72,66.71,50.65,
346.39,106.9,201.73,104.1,271.94,450.87,426.81,261.79,115.93,103.21,41.91,17.54,14.58,16.15,70.71,177.94,66.71,50.65,
346.39,106.9,200.77,104.1,271.94,450.87,427.42,261.79,115.93,102.74,41.91,17.54,14.58,16.15,70.71,176.72,66.71,50.65,
348.09,107.89,198.86,103.18,271.17,450.16,427.42,261.79,115.93,101.79,41.91,17.54,14.58,16.15,73.39,176.72,66.06,50.65,
346.39,106.9,200.77,104.1,271.94,450.16,428.65,262.95,115.93,103.68,40.84,17.54,14.58,16.15,70.71,176.72,67.36,50.65,
346.39,106.9,202.68,104.1,272.7,450.16,429.87,265.26,117.11,106.05,41.91,18.0,14.58,16.15,68.92,175.51,67.36,50.65,
346.39,106.9,198.86,104.1,271.94,450.16,428.04,263.53,115.93,104.16,41.91,18.0,14.58,16.15,69.81,177.94,68.02,50.65,
347.24,106.9,200.77,104.1,271.94,450.16,428.65,263.53,117.11,104.16,41.91,18.0,14.58,16.15,70.71,177.94,68.02,50.65,
343.84,106.9,196.95,104.1,271.17,450.16,432.32,269.32,115.93,104.16,41.91,18.46,14.58,16.15,68.02,175.51,68.02,49.71,
345.54,106.9,202.68,104.1,271.94,450.16,431.71,267.58,117.11,107.94,40.84,18.46,14.58,16.15,68.02,173.07,67.36,50.65,
347.24,107.89,198.86,104.1,271.94,451.57,431.1,266.42,117.11,103.21,41.91,18.0,14.58,16.15,70.71,173.07,68.67,50.65,
343.84,106.9,196.95,103.18,271.17,449.45,428.65,264.69,114.76,103.68,41.91,18.0,14.58,16.15,67.13,177.94,68.02,49.71,
344.69,106.9,197.9,103.18,271.17,448.75,431.1,267.0,113.59,108.89,41.91,18.46,14.58,16.15,68.02,179.16,68.67,49.71,
344.69,106.9,197.9,104.1,271.17,450.16,433.55,271.64,115.93,107.94,42.98,18.92,14.58,16.15,68.92,177.94,68.02,49.71,
344.69,106.9,195.99,103.18,271.17,448.75,429.87,265.84,113.59,106.52,42.98,18.0,14.58,16.15,68.02,179.16,69.98,49.71,
345.54,106.9,196.95,103.18,271.94,449.45,429.87,265.84,113.59,105.1,41.91,18.0,14.58,16.15,67.13,179.16,68.02,49.71,
344.69,106.9,196.95,103.18,271.94,449.45,430.48,267.0,113.59,107.47,41.91,18.46,14.58,16.15,68.02,181.6,69.33,49.71,
344.69,106.9,198.86,104.1,272.7,450.16,432.93,271.06,115.93,109.36,41.91,18.92,14.58,16.15,68.92,177.94,68.67,49.71,
344.69,106.9,197.9,104.1,272.7,450.16,432.93,271.06,114.76,108.89,42.98,18.92,14.58,16.15,68.92,180.38,69.33,49.71,
345.54,106.9,195.99,103.18,271.94,449.45,431.1,268.74,113.59,108.89,41.91,18.46,14.58,16.15,68.02,181.6,71.29,49.71,
344.69,105.92,195.99,103.18,271.94,448.75,437.83,277.43,112.42,113.15,41.91,19.84,14.58,16.15,68.02,187.69,71.94,49.71,
343.84,105.92,195.03,103.18,271.94,448.75,443.96,285.54,113.59,113.15,41.91,20.77,14.58,16.15,68.02,185.26,72.6,50.65,
342.99,104.94,194.08,103.18,271.94,448.75,447.63,290.17,112.42,124.51,42.98,21.23,14.58,16.15,64.44,186.47,70.63,50.65,
342.99,104.94,195.03,104.1,272.7,450.16,459.88,310.44,114.76,141.56,42.98,23.53,14.58,16.15,61.76,180.38,69.98,51.59,
342.14,104.94,195.03,104.1,272.7,450.16,474.57,330.13,114.76,152.45,42.98,26.3,14.58,16.15,61.76,180.38,69.33,51.59,
343.84,105.92,194.08,104.1,272.7,449.45,451.92,297.7,114.76,137.77,42.98,22.15,14.58,16.15,62.65,182.82,69.33,50.65,
343.84,105.92,195.03,104.1,272.7,450.16,468.45,322.02,115.93,141.56,41.91,25.38,14.58,16.15,61.76,177.94,69.33,51.59,
342.14,104.94,195.03,104.1,272.7,450.87,510.7,360.83,117.11,151.03,41.91,30.0,14.58,16.15,61.76,175.51,69.33,51.59,
341.3,104.94,193.12,103.18,271.94,450.16,451.92,301.17,113.59,134.46,41.91,22.15,14.58,16.15,62.65,180.38,68.67,50.65,
342.14,104.94,197.9,104.1,272.7,450.87,445.79,290.17,113.59,129.72,42.98,21.23,14.58,16.15,61.76,180.38,69.33,50.65,
342.14,104.94,192.17,103.18,271.94,449.45,439.67,278.59,111.25,114.1,42.98,19.38,14.58,16.15,63.55,186.47,69.98,50.65,
342.99,104.94,193.12,104.1,272.7,450.16,445.79,286.69,112.42,117.41,41.91,20.3,14.58,16.15,63.55,182.82,69.98,50.65,
342.99,104.94,192.17,104.1,272.7,449.45,452.53,298.86,113.59,128.3,41.91,22.15,14.58,16.15,62.65,182.82,69.33,50.65,
343.84,104.94,193.12,104.1,272.7,450.16,459.27,310.44,114.76,133.98,41.91,23.53,14.58,16.15,62.65,180.38,69.33,51.59,
340.45,103.96,196.95,103.18,273.47,452.28,430.48,267.0,111.25,132.56,42.98,18.46,13.67,16.15,60.86,173.07,66.71,49.71,
343.84,104.94,212.24,104.1,276.55,459.35,507.03,353.3,119.45,125.46,41.91,29.07,14.58,16.15,54.6,152.35,64.09,49.71,
342.99,104.94,222.76,104.1,276.55,458.64,540.71,379.36,125.3,153.87,42.98,32.3,14.58,16.15,50.12,159.66,60.82,48.78,
336.2,102.98,202.68,103.18,271.94,450.16,537.03,383.42,120.62,165.7,46.21,32.76,14.58,17.04,55.49,176.72,67.36,51.59,
335.35,102.98,211.29,103.18,271.17,452.28,557.85,395.0,142.87,154.81,55.88,33.69,16.4,17.94,52.81,195.01,64.75,50.65,
337.05,102.98,210.33,103.18,275.01,452.99,546.83,388.05,122.96,159.07,45.13,32.76,14.58,17.04,56.39,177.94,67.36,51.59,
335.35,103.96,204.6,103.18,273.47,452.28,539.48,379.36,121.79,165.7,44.06,31.84,14.58,16.15,59.97,187.69,66.06,51.59,
336.2,103.96,204.6,103.18,272.7,451.57,526.01,370.68,120.62,164.75,44.06,30.92,14.58,17.04,61.76,192.57,66.71,51.59,
336.2,103.96,201.73,103.18,272.7,451.57,522.34,367.78,120.62,161.91,45.13,30.92,14.58,17.04,58.18,195.01,67.36,51.59,
339.6,103.96,187.39,102.26,269.63,446.63,430.48,263.53,108.91,99.89,42.98,18.0,14.58,17.04,68.02,188.91,70.63,48.78,
339.6,104.94,192.17,102.26,269.63,447.33,432.32,264.69,110.08,104.16,44.06,18.0,14.58,16.15,61.76,173.07,66.71,49.71,
354.88,105.92,189.3,101.34,267.33,445.92,422.52,252.52,107.74,97.53,42.98,16.15,13.67,16.15,62.65,126.75,81.75,53.47,
337.9,103.96,192.17,101.34,269.63,449.45,420.69,253.68,114.76,99.89,46.21,16.61,14.58,17.04,73.39,153.57,69.33,50.65,
337.9,103.96,191.21,101.34,271.94,454.4,418.85,251.36,148.72,95.63,52.66,16.15,17.31,18.84,53.7,154.79,66.71,48.78,
320.92,96.12,192.17,93.05,261.18,382.32,448.86,283.22,86.66,107.94,51.58,22.15,11.85,14.35,54.6,113.35,64.75,43.15,
317.52,97.1,183.56,90.28,211.25,356.17,361.9,225.3,103.05,91.85,35.46,13.84,14.58,14.35,25.06,93.85,45.13,45.02,
331.96,102.0,187.39,102.26,220.47,378.78,380.27,229.36,131.16,93.74,34.39,14.77,13.67,14.35,31.33,95.07,47.09,43.15,
401.57,130.44,255.27,112.39,302.66,549.8,406.6,247.31,117.11,95.16,45.13,20.3,15.49,17.04,35.8,143.82,50.36,46.9,
331.11,102.98,206.51,94.89,238.9,381.61,365.58,226.46,100.71,92.32,36.54,14.77,14.58,15.25,27.75,90.19,45.78,45.96,
320.92,94.15,186.43,85.68,199.73,344.16,339.24,207.35,62.07,85.69,31.16,12.0,10.94,13.46,19.69,80.44,38.59,41.27,
376.1,130.44,231.36,138.19,266.56,516.59,507.03,348.67,337.27,112.2,61.25,35.99,28.25,26.02,52.81,214.51,69.33,60.03,
629.95,245.19,520.09,232.16,593.04,913.75,686.45,529.95,817.4,216.36,191.28,71.99,71.99,57.41,201.38,494.83,237.41,112.56,
601.09,237.35,509.58,227.55,596.11,919.4,687.06,525.32,802.18,214.47,189.13,72.45,71.08,57.41,200.48,496.05,234.79,110.69,
585.81,231.46,499.06,224.79,594.57,919.4,687.67,523.0,795.15,211.15,189.13,72.45,70.17,56.52,199.59,493.61,232.17,109.75,
582.41,229.5,496.19,224.79,596.11,919.4,688.9,523.58,793.98,211.62,189.13,72.45,69.26,56.52,199.59,492.39,231.52,109.75,
362.52,112.79,239.01,111.47,267.33,407.76,357.61,233.41,97.2,99.89,47.28,15.23,12.76,14.35,29.54,86.53,53.63,44.09,
481.38,159.87,348.0,134.5,339.54,539.91,402.93,268.74,161.61,106.05,49.43,23.07,18.23,18.84,43.86,120.66,58.21,47.84,
471.19,160.85,343.22,132.66,337.23,542.03,397.42,262.37,149.9,100.37,47.28,23.07,17.31,17.94,39.38,118.22,58.21,47.84,
471.19,158.89,338.44,132.66,336.46,543.44,396.81,261.21,147.55,98.95,46.21,22.61,17.31,17.94,39.38,117.0,58.21,47.84,
473.74,160.85,340.35,133.58,335.7,543.44,394.97,261.79,149.9,99.42,47.28,22.61,17.31,17.94,38.49,115.78,58.21,47.84,
492.42,153.98,341.31,129.9,335.7,526.48,404.15,265.84,154.58,99.42,46.21,22.61,17.31,17.94,39.38,115.78,59.52,47.84,
344.69,108.87,236.15,99.5,272.7,419.07,360.68,223.56,104.22,107.94,47.28,19.38,14.58,17.04,37.59,131.63,61.48,45.96,
363.37,135.35,274.39,115.16,298.05,458.64,345.98,216.61,138.19,91.37,37.61,14.31,16.4,16.15,34.91,103.6,49.05,46.9,
365.07,141.23,263.87,115.16,298.05,456.52,343.53,214.88,138.19,90.9,37.61,14.31,16.4,16.15,34.91,104.82,49.05,46.9,
402.42,119.65,163.49,130.82,291.14,474.89,423.14,276.85,175.66,104.63,45.13,21.23,18.23,18.84,31.33,120.66,51.01,52.53,
397.33,125.54,199.82,127.13,314.19,502.45,423.75,278.59,209.62,113.62,52.66,22.61,21.87,19.74,50.12,142.6,72.6,53.47,
396.48,122.6,195.03,128.06,319.56,508.11,418.24,275.11,267.0,112.2,52.66,21.69,24.6,20.63,50.12,137.72,68.02,53.47,
380.35,120.64,196.95,126.21,311.88,501.04,434.77,284.38,208.45,112.68,54.81,23.53,21.87,20.63,59.07,163.32,80.44,53.47,
378.65,119.65,195.03,126.21,313.42,500.33,435.38,284.38,204.94,113.15,55.88,23.07,21.87,20.63,51.91,154.79,71.94,53.47,
380.35,119.65,190.25,126.21,314.19,498.92,436.61,285.54,203.76,113.15,56.95,23.53,21.87,20.63,52.81,148.69,72.6,54.4,
386.29,120.64,186.43,127.13,318.03,500.33,436.61,284.38,227.19,113.62,53.73,22.15,22.78,20.63,51.91,146.25,67.36,53.47,
397.33,119.65,187.39,126.21,309.58,489.03,446.41,289.59,252.95,114.57,51.58,22.15,23.69,19.74,50.12,138.94,68.02,54.4,
365.07,104.94,201.73,111.47,325.71,413.41,367.41,240.36,110.08,113.15,47.28,15.69,13.67,15.25,42.07,98.72,60.17,47.84,
426.2,143.19,267.69,122.53,341.84,522.24,443.96,269.9,131.16,105.58,58.03,18.0,17.31,17.94,33.12,102.38,60.17,51.59,
427.04,140.25,258.13,122.53,339.54,519.41,446.41,270.48,125.3,105.58,55.88,18.0,16.4,17.94,33.12,102.38,60.17,51.59,
426.2,140.25,252.4,122.53,338.0,517.29,445.18,269.9,125.3,105.1,54.81,18.0,17.31,17.94,32.22,102.38,60.17,51.59,
403.27,131.42,217.98,117.0,328.01,460.05,398.64,250.79,97.2,103.68,50.51,15.23,14.58,16.15,29.54,99.94,56.25,49.71,
385.44,118.67,176.87,111.47,278.08,421.89,390.07,244.99,85.49,100.37,45.13,15.23,13.67,15.25,26.85,104.82,49.7,48.78,
377.8,106.9,145.32,126.21,278.85,442.39,431.71,287.85,182.69,103.68,51.58,23.53,17.31,18.84,42.07,143.82,55.59,50.65,
398.18,117.69,173.05,127.13,323.4,481.25,468.45,297.7,223.67,116.46,49.43,21.69,20.96,19.74,51.02,126.75,65.4,53.47,
384.59,116.71,207.46,128.06,314.95,486.2,475.19,308.12,197.91,122.15,46.21,23.07,20.05,18.84,47.44,132.85,67.36,54.4,
379.5,113.77,174.96,123.45,292.68,453.69,508.25,316.81,211.96,118.83,53.73,22.61,20.96,21.53,73.39,213.29,67.36,54.4,
368.46,100.04,142.45,109.63,248.89,381.61,450.08,290.75,140.53,107.94,41.91,18.0,16.4,16.15,29.54,109.69,51.67,49.71,
387.99,113.77,204.6,123.45,328.78,467.83,471.51,305.23,172.15,115.04,56.95,20.77,19.14,18.84,42.96,135.29,64.09,53.47,
399.03,116.71,196.95,127.13,304.2,457.93,508.87,367.61,102.0,155.84,114.24,266.56,395.74,464.78,304.65,183.86,114.1,45.13,19.38,18.23,16.15,32.22,109.69,54.28,50.65,
391.39,115.73,210.33,124.37,325.71,494.68,493.56,311.6,210.79,118.36,56.95,27.69,20.96,19.74,60.86,137.72,71.94,54.4,
391.39,118.67,206.51,123.45,294.98,460.05,500.29,309.28,217.82,117.88,56.95,33.69,20.96,19.74,93.08,148.69,71.29,54.4,
392.24,115.73,202.68,124.37,298.82,457.23,503.35,307.54,223.67,118.36,58.03,34.61,20.96,19.74,90.4,141.38,72.6,55.34,
393.08,112.79,167.31,111.47,245.05,393.62,434.16,273.95,147.55,100.84,45.13,19.38,18.23,17.94,28.64,117.0,49.05,50.65,
387.14,117.69,196.95,112.39,284.23,423.31,449.47,278.01,110.08,107.47,60.18,17.07,17.31,17.94,35.8,103.6,69.98,51.59,
404.97,115.73,173.05,117.92,293.45,435.32,448.86,279.16,110.08,107.0,50.51,16.61,16.4,17.04,30.43,97.5,62.13,52.53,
407.52,115.73,175.91,119.76,299.59,443.8,443.34,278.01,113.59,107.47,52.66,17.07,17.31,17.94,31.33,98.72,63.44,53.47,
408.37,120.64,190.25,119.76,304.97,453.69,450.69,280.9,121.79,107.47,58.03,17.54,20.05,19.74,34.01,106.03,68.67,54.4,
368.46,104.94,146.28,128.98,268.1,395.04,412.11,264.69,106.57,112.68,33.31,12.92,13.67,13.46,29.54,71.91,52.32,47.84,
421.95,137.31,235.19,172.28,477.04,572.42,532.75,356.78,187.37,136.82,38.69,19.38,19.14,17.04,34.01,82.88,63.44,58.16,
417.71,128.48,199.82,165.83,465.52,566.06,530.91,355.04,181.51,137.3,34.39,18.92,18.23,17.04,34.01,82.88,65.4,59.1,
416.86,128.48,199.82,165.83,466.29,565.35,529.69,354.46,183.86,136.82,36.54,18.92,19.14,17.04,34.01,82.88,65.4,59.1,
416.01,127.5,197.9,164.91,466.29,562.52,530.91,355.04,181.51,137.3,34.39,18.92,18.23,17.04,34.01,82.88,65.4,59.1,
419.4,125.54,194.08,166.75,467.05,566.76,530.3,353.3,172.15,136.82,34.39,18.92,18.23,16.15,34.01,84.1,65.4,59.1,
410.06,113.77,150.1,152.01,407.14,484.79,472.12,320.87,139.36,130.67,29.01,16.61,16.4,16.15,26.85,70.69,60.82,58.16,
397.33,113.77,152.01,147.4,398.69,481.25,481.31,326.08,131.16,129.25,37.61,18.0,16.4,16.15,29.54,87.75,62.79,58.16,
868.52,388.39,786.83,331.65,972.52,1441.64,1008.55,642.31,877.12,219.2,185.91,71.53,64.7,55.62,172.74,394.89,178.55,99.43,
837.11,369.75,706.52,328.89,965.6,1436.69,1010.38,642.89,880.64,220.62,188.06,71.99,64.7,55.62,174.53,400.98,179.2,98.49,
856.64,381.52,745.72,338.1,983.27,1467.79,1012.83,645.79,893.52,222.51,191.28,72.91,65.61,56.52,178.11,408.29,181.16,99.43,
849.84,373.67,707.48,335.34,973.29,1457.19,1011.0,644.63,890.01,221.09,192.36,73.37,64.7,56.52,177.21,407.07,179.85,99.43,
859.18,377.6,718.0,337.18,977.89,1461.43,1012.83,646.37,893.52,222.04,192.36,73.84,64.7,56.52,177.21,407.07,180.51,99.43,
855.79,375.64,710.35,336.26,975.59,1457.19,1012.22,645.79,891.18,221.57,191.28,73.37,64.7,56.52,177.21,405.86,179.85,99.43,
865.13,382.5,726.6,338.1,979.43,1464.96,1012.83,646.37,893.52,222.51,190.21,73.84,65.61,56.52,177.21,405.86,180.51,100.37,
800.6,352.1,689.31,329.81,965.6,1446.59,977.32,627.25,873.61,217.31,190.21,71.99,62.88,54.72,173.63,404.64,177.24,98.49,
852.39,377.6,717.04,339.95,977.89,1456.48,996.91,641.15,892.35,221.09,188.06,74.3,64.7,55.62,176.32,404.64,180.51,99.43,
843.05,366.81,675.93,333.5,957.92,1431.04,975.48,627.83,872.44,217.31,183.76,71.99,62.88,54.72,172.74,396.11,176.58,97.55,
903.33,393.29,750.5,336.26,964.07,1449.41,976.7,624.94,865.41,214.47,185.91,70.14,64.7,55.62,170.95,393.67,174.62,97.55,
945.78,410.94,561.2,339.95,712.87,1454.36,959.56,616.25,854.87,177.54,146.15,69.22,64.7,55.62,125.3,393.67,134.73,98.49,
1003.51,437.42,851.84,351.0,1011.69,1502.42,991.4,634.2,874.78,221.57,192.36,71.07,66.52,57.41,180.79,405.86,187.05,101.31,
1048.51,451.16,825.07,367.58,1010.16,1539.16,999.97,648.1,908.74,220.15,192.36,73.37,68.35,58.31,182.58,419.26,188.36,103.18,
1003.51,433.5,782.05,355.61,984.04,1528.56,993.85,640.57,894.69,214.47,191.28,72.91,67.43,58.31,177.21,416.83,183.12,102.24,
955.97,422.71,488.54,340.87,595.34,1486.16,996.91,632.46,878.29,163.33,130.03,71.53,65.61,57.41,105.61,411.95,116.41,100.37,
1342.26,562.96,1065.04,397.06,1053.94,1619.73,1060.6,679.96,959.1,229.14,196.65,73.84,74.72,62.79,189.74,435.11,203.4,111.62,
1267.55,524.71,933.11,406.28,1069.31,1628.91,1069.78,693.86,996.57,240.98,200.95,77.99,73.81,61.9,195.11,442.42,202.74,110.69,
1240.38,526.68,1006.72,405.36,1080.06,1620.43,1078.97,697.91,996.57,243.34,197.73,77.99,73.81,61.9,195.11,436.33,204.71,110.69,
1251.42,531.58,979.0,401.67,1064.7,1616.19,1069.78,690.96,982.52,239.08,196.65,76.6,73.81,61.9,193.32,438.76,203.4,110.69,
1282.83,541.39,999.08,402.59,1063.93,1620.43,1067.95,688.65,977.83,238.61,195.58,76.14,73.81,61.9,192.43,433.89,202.09,110.69,
1067.19,458.02,932.15,349.16,1038.58,1488.99,971.19,624.36,853.7,230.09,193.43,68.3,66.52,57.41,187.95,393.67,197.51,101.31,
1006.91,436.44,840.37,354.69,1004.78,1496.06,993.24,639.42,882.98,222.51,186.98,71.07,66.52,56.52,175.42,394.89,182.47,100.37,
1068.88,456.06,856.62,370.35,1043.19,1525.03,997.52,649.26,901.72,233.88,196.65,72.91,68.35,58.31,185.27,408.29,191.63,103.18,
1022.19,437.42,807.87,357.45,992.49,1500.3,979.77,634.78,878.29,218.25,186.98,71.53,66.52,56.52,172.74,393.67,177.89,99.43,
1080.77,450.17,804.04,370.35,991.72,1523.62,988.95,646.37,898.2,218.25,186.98,73.37,67.43,57.41,172.74,409.51,178.55,102.24,
882.11,350.14,674.97,339.95,968.68,1325.04,944.86,620.88,838.48,223.46,177.31,70.14,59.23,51.13,175.42,374.17,181.82,93.8,
1066.34,429.58,733.29,369.43,989.42,1447.29,972.42,645.79,899.37,227.25,179.46,71.99,65.61,54.72,177.21,391.23,186.39,101.31,
1163.12,469.79,847.06,387.85,1032.44,1554.0,1011.61,667.22,942.7,231.51,190.21,75.68,70.17,59.21,186.16,421.7,193.59,106.0,
1122.37,467.83,856.62,391.54,1033.97,1539.87,1011.0,666.64,941.53,232.46,185.91,75.22,69.26,58.31,185.27,415.61,193.59,105.06,
1102.84,462.93,848.02,366.66,1011.69,1525.03,990.79,641.73,899.37,223.46,188.06,71.99,68.35,58.31,181.69,409.51,190.97,104.12,
1033.23,433.5,784.92,351.0,975.59,1487.58,976.7,628.99,873.61,213.52,186.98,71.07,65.61,56.52,177.21,404.64,183.78,100.37,
1029.83,431.54,783.01,349.16,974.05,1483.34,972.42,626.67,868.93,213.05,185.91,70.6,65.61,56.52,175.42,400.98,182.47,100.37,
1028.13,431.54,781.1,349.16,974.05,1484.75,973.64,626.67,871.27,213.05,185.91,70.6,65.61,56.52,175.42,402.2,183.78,100.37,
1028.13,430.56,771.54,351.92,975.59,1486.16,970.58,628.41,873.61,214.47,184.83,71.07,65.61,56.52,175.42,403.42,184.43,100.37,
1032.38,427.62,774.4,354.69,978.66,1484.75,974.87,633.04,880.64,215.41,184.83,71.53,65.61,56.52,176.32,402.2,185.09,100.37,
1048.51,436.44,800.22,354.69,984.81,1490.4,973.03,630.15,873.61,217.78,185.91,71.07,65.61,56.52,175.42,400.98,185.09,100.37,
1042.57,434.48,785.88,353.76,977.89,1482.63,969.97,627.83,868.93,215.89,184.83,71.07,65.61,56.52,170.95,393.67,179.85,99.43,
1056.15,439.39,800.22,354.69,984.04,1496.06,977.93,632.46,878.29,217.31,189.13,71.07,65.61,56.52,174.53,398.54,183.78,100.37,
1014.55,430.56,783.96,348.24,978.66,1481.92,977.93,627.83,867.76,215.89,186.98,70.6,65.61,56.52,173.63,394.89,180.51,99.43,
1027.28,430.56,787.79,349.16,976.36,1480.51,976.09,628.41,867.76,215.41,184.83,71.07,65.61,56.52,172.74,396.11,180.51,99.43,
1025.59,429.58,786.83,347.32,973.29,1476.27,972.42,625.51,864.24,213.99,184.83,70.14,64.7,55.62,170.05,388.79,175.93,97.55,
1024.74,429.58,785.88,347.32,973.29,1475.56,972.42,624.94,863.07,213.99,183.76,70.14,64.7,55.62,170.05,388.79,175.93,97.55,
1023.89,429.58,785.88,347.32,973.29,1475.56,971.81,624.94,863.07,213.99,184.83,70.14,64.7,55.62,169.16,388.79,175.93,97.55,
